[815, 19, 0, 29] 
[822, 26, 1, 46] 
[105, 30, 5, 14] 
[96, 31, 9, 7] 
[528, 31, 8, 8] 
[145, 40, 5, 43] 
[823, 41, 10, 35] 
[108, 42, 1, 2] 
[631, 43, 2, 48] 
[339, 56, 7, 46] 
[206, 65, 8, 24] 
[20, 71, 6, 43] 
[306, 71, 10, 19] 
[311, 84, 8, 24] 
[518, 90, 4, 16] 
[966, 101, 1, 3] 
[992, 106, 10, 11] 
[834, 107, 8, 3] 
[27, 110, 7, 13] 
[55, 110, 8, 35] 
[187, 114, 0, 33] 
[471, 118, 7, 32] 
[135, 139, 9, 0] 
[565, 142, 10, 15] 
[253, 161, 3, 32] 
[377, 169, 3, 44] 
[535, 172, 9, 4] 
[672, 173, 5, 14] 
[887, 197, 7, 46] 
[853, 215, 10, 5] 
[353, 223, 7, 20] 
[666, 223, 1, 32] 
[203, 233, 8, 12] 
[497, 234, 1, 44] 
[141, 239, 1, 42] 
[280, 240, 10, 44] 
[599, 242, 9, 32] 
[983, 252, 8, 46] 
[214, 253, 8, 35] 
[555, 266, 3, 13] 
[128, 270, 0, 1] 
[550, 286, 8, 20] 
[758, 300, 6, 10] 
[693, 301, 1, 9] 
[161, 308, 5, 48] 
[248, 322, 4, 42] 
[83, 324, 0, 4] 
[707, 324, 10, 20] 
[159, 349, 8, 17] 
[644, 354, 6, 17] 
[578, 355, 6, 4] 
[729, 357, 10, 13] 
[776, 371, 6, 18] 
[285, 376, 10, 7] 
[179, 384, 5, 48] 
[685, 444, 9, 12] 
[812, 445, 4, 19] 
[472, 449, 4, 38] 
[328, 465, 5, 47] 
[522, 467, 8, 27] 
[933, 474, 2, 39] 
[888, 505, 8, 47] 
[71, 508, 2, 26] 
[272, 521, 4, 32] 
[652, 521, 3, 37] 
[872, 524, 9, 36] 
[515, 531, 5, 20] 
[699, 553, 6, 45] 
[884, 560, 6, 13] 
[414, 566, 5, 44] 
[496, 581, 5, 24] 
[995, 591, 3, 8] 
[43, 627, 3, 18] 
[754, 629, 0, 18] 
[379, 656, 7, 47] 
[438, 667, 10, 21] 
[742, 680, 7, 45] 
[936, 686, 5, 3] 
[743, 689, 8, 4] 
[346, 707, 6, 43] 
[329, 719, 2, 31] 
[430, 722, 1, 34] 
[486, 733, 5, 33] 
[704, 733, 9, 22] 
[689, 735, 0, 7] 
[530, 746, 3, 20] 
[401, 748, 8, 21] 
[915, 754, 4, 19] 
[390, 783, 8, 25] 
[745, 786, 2, 30] 
[760, 791, 6, 19] 
[985, 797, 8, 18] 
[722, 807, 9, 4] 
[639, 810, 1, 31] 
[979, 812, 7, 32] 
[309, 819, 9, 49] 
[570, 829, 5, 25] 
[268, 838, 3, 42] 
[93, 863, 5, 33] 
[844, 865, 6, 27] 
[37, 877, 9, 46] 
[896, 879, 2, 8] 
[769, 884, 2, 1] 
[618, 886, 3, 36] 
[638, 891, 1, 20] 
[109, 906, 1, 21] 
[526, 919, 0, 32] 
[860, 956, 3, 46] 
[747, 962, 8, 47] 
[806, 973, 1, 23] 
[398, 975, 4, 32] 
[366, 980, 9, 40] 
[659, 987, 9, 35] 
[168, 1002, 3, 3] 
[456, 1003, 10, 2] 
[723, 1005, 8, 31] 
[796, 1020, 8, 31] 
[791, 1032, 4, 38] 
[165, 1045, 5, 32] 
[389, 1058, 3, 21] 
[301, 1080, 3, 11] 
[68, 1132, 0, 49] 
[634, 1136, 1, 24] 
[501, 1149, 9, 21] 
[427, 1164, 10, 47] 
[710, 1167, 7, 46] 
[492, 1171, 8, 26] 
[13, 1193, 1, 47] 
[121, 1217, 10, 16] 
[424, 1219, 1, 47] 
[457, 1232, 9, 40] 
[487, 1232, 0, 29] 
[882, 1237, 9, 36] 
[813, 1272, 2, 23] 
[16, 1294, 7, 40] 
[332, 1303, 0, 44] 
[221, 1320, 10, 17] 
[835, 1344, 6, 45] 
[582, 1348, 9, 3] 
[12, 1351, 6, 5] 
[765, 1353, 1, 49] 
[602, 1364, 4, 38] 
[213, 1409, 4, 0] 
[937, 1414, 10, 37] 
[708, 1420, 3, 13] 
[574, 1422, 7, 35] 
[878, 1447, 0, 31] 
[133, 1452, 3, 26] 
[53, 1456, 1, 8] 
[976, 1472, 1, 36] 
[828, 1478, 0, 48] 
[79, 1482, 5, 6] 
[575, 1520, 6, 10] 
[125, 1523, 3, 34] 
[811, 1532, 10, 22] 
[270, 1580, 6, 37] 
[839, 1595, 4, 49] 
[92, 1615, 3, 12] 
[381, 1617, 7, 33] 
[476, 1625, 8, 39] 
[977, 1627, 1, 20] 
[82, 1630, 2, 24] 
[694, 1641, 2, 35] 
[257, 1645, 5, 11] 
[735, 1647, 3, 37] 
[902, 1665, 3, 29] 
[459, 1674, 4, 48] 
[31, 1692, 1, 24] 
[51, 1698, 10, 14] 
[519, 1721, 6, 28] 
[408, 1729, 10, 31] 
[9, 1730, 5, 44] 
[269, 1737, 5, 32] 
[748, 1747, 9, 45] 
[890, 1761, 10, 14] 
[986, 1767, 9, 30] 
[732, 1782, 5, 34] 
[783, 1791, 6, 11] 
[493, 1817, 2, 18] 
[594, 1840, 2, 32] 
[40, 1848, 1, 30] 
[491, 1850, 6, 6] 
[267, 1852, 10, 20] 
[857, 1858, 4, 24] 
[545, 1867, 3, 28] 
[1, 1868, 2, 14] 
[561, 1868, 9, 42] 
[310, 1874, 2, 23] 
[196, 1876, 3, 16] 
[130, 1879, 0, 22] 
[537, 1895, 3, 18] 
[17, 1897, 5, 19] 
[474, 1899, 5, 6] 
[762, 1913, 4, 27] 
[893, 1916, 2, 11] 
[906, 1927, 7, 31] 
[655, 1962, 3, 44] 
[193, 1964, 8, 0] 
[996, 1964, 9, 31] 
[963, 1979, 10, 12] 
[649, 1981, 7, 16] 
[779, 1981, 0, 34] 
[76, 1991, 9, 36] 
[87, 1992, 10, 26] 
[230, 2016, 5, 10] 
[432, 2016, 3, 42] 
[950, 2018, 2, 9] 
[840, 2025, 2, 47] 
[34, 2041, 8, 0] 
[470, 2057, 0, 28] 
[871, 2068, 8, 30] 
[712, 2077, 4, 31] 
[148, 2096, 6, 17] 
[181, 2096, 10, 22] 
[700, 2112, 5, 29] 
[539, 2113, 6, 19] 
[302, 2126, 3, 12] 
[605, 2135, 10, 18] 
[559, 2147, 6, 3] 
[755, 2183, 8, 17] 
[951, 2198, 3, 12] 
[714, 2230, 2, 49] 
[589, 2238, 8, 49] 
[477, 2240, 1, 16] 
[131, 2249, 9, 20] 
[369, 2257, 6, 11] 
[405, 2305, 10, 47] 
[643, 2313, 1, 28] 
[54, 2360, 5, 26] 
[442, 2370, 9, 10] 
[558, 2377, 3, 21] 
[333, 2381, 2, 12] 
[35, 2390, 4, 17] 
[830, 2390, 7, 45] 
[726, 2408, 9, 7] 
[183, 2409, 1, 28] 
[897, 2417, 6, 0] 
[698, 2418, 4, 38] 
[307, 2439, 5, 17] 
[259, 2454, 8, 46] 
[362, 2461, 6, 47] 
[928, 2466, 9, 15] 
[831, 2469, 1, 36] 
[640, 2470, 6, 4] 
[703, 2481, 4, 11] 
[917, 2501, 0, 5] 
[378, 2510, 3, 0] 
[727, 2514, 7, 36] 
[252, 2515, 9, 28] 
[356, 2520, 3, 31] 
[922, 2542, 1, 11] 
[629, 2548, 10, 9] 
[597, 2565, 1, 8] 
[150, 2595, 7, 4] 
[795, 2617, 0, 41] 
[97, 2620, 0, 15] 
[242, 2646, 9, 13] 
[988, 2651, 2, 17] 
[989, 2651, 10, 24] 
[232, 2655, 4, 45] 
[170, 2665, 9, 20] 
[885, 2678, 4, 16] 
[357, 2681, 4, 19] 
[903, 2688, 4, 19] 
[426, 2693, 3, 7] 
[132, 2697, 10, 0] 
[315, 2729, 5, 10] 
[468, 2740, 0, 10] 
[585, 2745, 3, 32] 
[533, 2755, 9, 2] 
[239, 2776, 3, 8] 
[173, 2796, 5, 10] 
[284, 2815, 10, 23] 
[418, 2816, 7, 33] 
[489, 2816, 0, 9] 
[7, 2818, 8, 47] 
[326, 2819, 1, 50] 
[460, 2827, 3, 29] 
[164, 2830, 4, 17] 
[481, 2867, 4, 4] 
[439, 2884, 10, 32] 
[733, 2884, 1, 17] 
[738, 2916, 10, 39] 
[395, 2917, 1, 22] 
[163, 2929, 0, 33] 
[180, 2956, 7, 31] 
[932, 2962, 1, 49] 
[778, 2963, 10, 5] 
[674, 2970, 10, 18] 
[142, 2976, 8, 18] 
[67, 2977, 10, 38] 
[5, 2984, 10, 41] 
[576, 3016, 1, 0] 
[334, 3017, 3, 35] 
[921, 3022, 3, 14] 
[919, 3028, 5, 45] 
[256, 3043, 9, 2] 
[737, 3053, 6, 29] 
[323, 3074, 2, 4] 
[449, 3075, 8, 4] 
[166, 3076, 1, 7] 
[359, 3079, 2, 43] 
[562, 3085, 0, 30] 
[647, 3123, 2, 4] 
[661, 3124, 3, 41] 
[236, 3130, 3, 1] 
[625, 3144, 0, 45] 
[590, 3154, 0, 35] 
[970, 3180, 4, 43] 
[856, 3186, 6, 10] 
[222, 3206, 1, 15] 
[144, 3208, 1, 22] 
[993, 3213, 1, 3] 
[56, 3226, 10, 15] 
[202, 3227, 7, 45] 
[48, 3237, 6, 36] 
[804, 3248, 5, 46] 
[36, 3251, 3, 7] 
[749, 3281, 2, 21] 
[523, 3283, 1, 0] 
[14, 3299, 1, 40] 
[397, 3299, 7, 13] 
[52, 3302, 2, 46] 
[513, 3302, 3, 40] 
[579, 3323, 8, 4] 
[946, 3365, 3, 46] 
[534, 3371, 10, 27] 
[281, 3386, 4, 36] 
[287, 3400, 2, 13] 
[858, 3400, 8, 7] 
[417, 3409, 1, 39] 
[261, 3423, 3, 28] 
[81, 3434, 5, 44] 
[870, 3435, 6, 24] 
[74, 3451, 7, 1] 
[861, 3466, 1, 47] 
[581, 3479, 7, 35] 
[8, 3487, 7, 39] 
[30, 3514, 4, 43] 
[62, 3520, 6, 8] 
[622, 3520, 3, 38] 
[288, 3522, 2, 27] 
[443, 3525, 3, 0] 
[927, 3526, 10, 14] 
[556, 3528, 1, 23] 
[785, 3529, 0, 16] 
[560, 3530, 0, 37] 
[671, 3532, 0, 11] 
[210, 3538, 0, 11] 
[944, 3540, 9, 21] 
[677, 3568, 8, 49] 
[819, 3570, 1, 9] 
[274, 3575, 4, 13] 
[881, 3579, 6, 5] 
[827, 3586, 8, 7] 
[126, 3590, 3, 50] 
[298, 3604, 4, 46] 
[960, 3617, 6, 13] 
[571, 3618, 10, 4] 
[465, 3621, 1, 26] 
[195, 3622, 4, 46] 
[916, 3645, 5, 5] 
[675, 3653, 5, 17] 
[673, 3660, 1, 6] 
[905, 3665, 10, 44] 
[394, 3670, 6, 24] 
[124, 3683, 2, 25] 
[416, 3686, 8, 50] 
[731, 3687, 5, 21] 
[810, 3689, 2, 31] 
[152, 3698, 2, 35] 
[169, 3699, 3, 2] 
[254, 3704, 10, 13] 
[63, 3723, 7, 24] 
[614, 3728, 1, 48] 
[393, 3742, 2, 47] 
[842, 3747, 3, 13] 
[617, 3776, 7, 46] 
[344, 3779, 2, 34] 
[541, 3803, 3, 31] 
[428, 3805, 6, 48] 
[909, 3816, 3, 11] 
[611, 3833, 4, 24] 
[244, 3838, 3, 49] 
[557, 3839, 3, 37] 
[42, 3851, 8, 16] 
[740, 3863, 7, 30] 
[215, 3877, 9, 11] 
[739, 3886, 1, 23] 
[911, 3886, 9, 45] 
[370, 3895, 9, 3] 
[503, 3896, 4, 22] 
[524, 3922, 10, 49] 
[388, 3943, 10, 50] 
[185, 3944, 9, 15] 
[588, 3944, 1, 40] 
[162, 3946, 7, 6] 
[538, 3949, 10, 47] 
[730, 3949, 3, 39] 
[852, 3949, 2, 1] 
[317, 3969, 1, 26] 
[84, 3975, 8, 11] 
[49, 3976, 8, 18] 
[483, 3978, 8, 19] 
[973, 3982, 10, 29] 
[464, 3985, 9, 0] 
[544, 3990, 3, 29] 
[679, 4000, 3, 4] 
[688, 4005, 5, 10] 
[612, 4021, 1, 40] 
[650, 4041, 5, 9] 
[801, 4060, 6, 21] 
[308, 4073, 5, 0] 
[596, 4095, 1, 33] 
[374, 4101, 3, 18] 
[205, 4125, 0, 36] 
[434, 4126, 6, 11] 
[4, 4144, 9, 13] 
[10, 4146, 5, 11] 
[499, 4148, 1, 35] 
[895, 4151, 6, 13] 
[525, 4161, 3, 45] 
[122, 4168, 4, 14] 
[184, 4180, 7, 38] 
[620, 4189, 1, 32] 
[355, 4212, 9, 14] 
[580, 4217, 5, 8] 
[387, 4218, 2, 34] 
[289, 4231, 5, 28] 
[940, 4240, 5, 10] 
[111, 4242, 9, 44] 
[939, 4244, 1, 41] 
[175, 4251, 9, 18] 
[774, 4259, 7, 8] 
[420, 4269, 2, 23] 
[86, 4280, 4, 18] 
[107, 4304, 4, 15] 
[225, 4310, 9, 22] 
[295, 4318, 10, 28] 
[848, 4325, 6, 22] 
[891, 4357, 7, 4] 
[941, 4359, 2, 26] 
[118, 4371, 9, 22] 
[176, 4372, 2, 21] 
[65, 4395, 7, 45] 
[313, 4400, 4, 32] 
[883, 4403, 9, 23] 
[818, 4404, 9, 31] 
[577, 4408, 3, 43] 
[814, 4413, 10, 45] 
[695, 4421, 9, 9] 
[957, 4423, 9, 0] 
[419, 4440, 6, 39] 
[994, 4446, 0, 25] 
[962, 4464, 9, 1] 
[660, 4466, 4, 34] 
[119, 4472, 9, 30] 
[94, 4487, 7, 18] 
[46, 4498, 6, 47] 
[517, 4502, 0, 11] 
[720, 4505, 10, 32] 
[264, 4513, 10, 15] 
[824, 4516, 6, 13] 
[235, 4518, 9, 1] 
[490, 4533, 10, 3] 
[788, 4542, 4, 31] 
[999, 4542, 3, 17]
[337, 4553, 4, 10] 
[931, 4558, 6, 7] 
[154, 4564, 6, 19] 
[241, 4573, 5, 13] 
[190, 4582, 6, 34] 
[803, 4595, 6, 48] 
[654, 4606, 6, 40] 
[505, 4621, 4, 7] 
[777, 4625, 7, 28] 
[668, 4628, 10, 12] 
[345, 4631, 0, 38] 
[908, 4646, 7, 3] 
[243, 4649, 7, 12] 
[702, 4669, 6, 3] 
[201, 4700, 7, 50] 
[217, 4702, 2, 7] 
[850, 4713, 10, 10] 
[100, 4731, 1, 5] 
[954, 4741, 4, 21] 
[864, 4750, 8, 48] 
[303, 4766, 7, 35] 
[531, 4771, 2, 6] 
[980, 4780, 10, 19] 
[899, 4786, 9, 4] 
[894, 4836, 2, 16] 
[969, 4841, 4, 38] 
[18, 4863, 2, 34] 
[998, 4867, 7, 17] 
[716, 4876, 0, 2] 
[293, 4879, 4, 40] 
[711, 4881, 9, 25] 
[869, 4892, 2, 46] 
[70, 4904, 6, 47] 
[808, 4905, 1, 0] 
[177, 4920, 3, 7] 
[338, 4923, 6, 43] 
[918, 4924, 4, 31] 
[123, 4928, 3, 26] 
[360, 4951, 3, 35] 
[875, 4973, 10, 21] 
[500, 4980, 2, 24] 
[80, 5018, 4, 41] 
[204, 5023, 6, 14] 
[178, 5058, 6, 32] 
[945, 5067, 1, 45] 
[199, 5079, 4, 46] 
[363, 5088, 3, 36] 
[756, 5091, 2, 8] 
[117, 5115, 6, 29] 
[991, 5119, 8, 8] 
[64, 5147, 6, 44] 
[866, 5151, 9, 27] 
[469, 5158, 4, 32] 
[157, 5159, 9, 22] 
[665, 5191, 2, 10] 
[172, 5196, 6, 27] 
[194, 5211, 6, 3] 
[942, 5213, 1, 49] 
[744, 5242, 3, 45] 
[554, 5249, 8, 2] 
[403, 5269, 6, 36] 
[863, 5272, 9, 42] 
[23, 5277, 8, 11] 
[146, 5303, 7, 14] 
[598, 5308, 3, 50] 
[312, 5310, 5, 17] 
[58, 5314, 9, 2] 
[373, 5324, 2, 17] 
[304, 5334, 7, 23] 
[294, 5354, 2, 32] 
[752, 5356, 6, 17] 
[3, 5359, 8, 22] 
[889, 5359, 3, 35] 
[736, 5377, 9, 45] 
[676, 5386, 0, 8] 
[139, 5392, 7, 17] 
[865, 5392, 0, 27] 
[930, 5393, 3, 14] 
[60, 5395, 8, 22] 
[642, 5402, 2, 34] 
[251, 5416, 0, 14] 
[265, 5418, 5, 46] 
[734, 5426, 5, 40] 
[913, 5435, 6, 3] 
[441, 5439, 6, 38] 
[635, 5442, 5, 22] 
[189, 5449, 4, 45] 
[697, 5457, 5, 46] 
[330, 5458, 0, 4] 
[282, 5464, 8, 9] 
[681, 5473, 5, 13] 
[324, 5474, 3, 14] 
[868, 5494, 6, 11] 
[820, 5500, 5, 31] 
[843, 5505, 7, 9] 
[33, 5539, 5, 22] 
[763, 5544, 3, 38] 
[784, 5544, 2, 39] 
[935, 5567, 8, 6] 
[862, 5573, 5, 0] 
[451, 5589, 2, 26] 
[686, 5589, 0, 19] 
[956, 5593, 4, 8] 
[627, 5609, 5, 18] 
[907, 5617, 1, 4] 
[771, 5625, 9, 47] 
[648, 5628, 1, 1] 
[218, 5635, 1, 24] 
[692, 5656, 8, 47] 
[448, 5671, 9, 24] 
[914, 5676, 9, 18] 
[321, 5687, 2, 7] 
[658, 5692, 6, 5] 
[263, 5699, 6, 43] 
[912, 5705, 3, 49] 
[209, 5722, 9, 29] 
[886, 5727, 8, 1] 
[66, 5732, 4, 0] 
[874, 5732, 1, 35] 
[103, 5759, 2, 42] 
[768, 5788, 6, 42] 
[532, 5797, 1, 0] 
[691, 5806, 6, 12] 
[641, 5821, 3, 16] 
[567, 5829, 6, 19] 
[341, 5838, 9, 4] 
[352, 5838, 1, 27] 
[718, 5842, 4, 37] 
[546, 5850, 7, 17] 
[997, 5876, 2, 23] 
[447, 5891, 9, 18] 
[113, 5893, 4, 40] 
[797, 5897, 10, 39] 
[396, 5902, 5, 46] 
[233, 5904, 2, 1] 
[965, 5916, 6, 0] 
[790, 5927, 6, 15] 
[876, 5939, 2, 6] 
[384, 5942, 6, 37] 
[984, 5942, 9, 15] 
[696, 5946, 1, 35] 
[646, 5952, 3, 11] 
[586, 5955, 5, 36] 
[347, 5961, 0, 10] 
[782, 5965, 9, 39] 
[953, 5988, 0, 2] 
[224, 5992, 2, 46] 
[626, 5992, 8, 5] 
[759, 5994, 7, 26] 
[112, 6005, 7, 36] 
[663, 6015, 0, 1] 
[212, 6017, 8, 7] 
[59, 6025, 10, 9] 
[226, 6027, 3, 28] 
[376, 6035, 0, 4] 
[73, 6040, 9, 26] 
[601, 6052, 8, 3] 
[910, 6057, 3, 5] 
[724, 6058, 1, 50] 
[331, 6063, 2, 27] 
[900, 6081, 1, 7] 
[358, 6085, 3, 38] 
[72, 6099, 7, 28] 
[50, 6112, 9, 8] 
[305, 6122, 2, 10] 
[102, 6155, 6, 29] 
[208, 6171, 7, 39] 
[342, 6175, 5, 39] 
[382, 6176, 1, 28] 
[136, 6193, 6, 43] 
[316, 6198, 1, 29] 
[421, 6213, 10, 28] 
[340, 6231, 5, 47] 
[415, 6243, 4, 13] 
[322, 6246, 10, 31] 
[407, 6263, 7, 41] 
[645, 6268, 10, 44] 
[564, 6281, 6, 12] 
[793, 6284, 9, 20] 
[770, 6287, 6, 43] 
[277, 6300, 1, 1] 
[511, 6301, 0, 4] 
[573, 6302, 5, 28] 
[925, 6320, 10, 21] 
[926, 6322, 0, 44] 
[291, 6328, 7, 10] 
[713, 6345, 2, 3] 
[57, 6368, 0, 41] 
[867, 6376, 6, 16] 
[463, 6378, 1, 7] 
[480, 6382, 8, 7] 
[143, 6384, 0, 44] 
[444, 6387, 3, 6] 
[15, 6389, 2, 13] 
[721, 6391, 3, 4] 
[149, 6404, 9, 0] 
[637, 6406, 0, 42] 
[290, 6408, 0, 1] 
[367, 6417, 0, 13] 
[751, 6418, 4, 38] 
[409, 6429, 7, 30] 
[436, 6433, 1, 49] 
[75, 6435, 9, 16] 
[947, 6445, 2, 31] 
[798, 6449, 2, 33] 
[249, 6454, 3, 10] 
[47, 6463, 8, 15] 
[44, 6470, 9, 27] 
[327, 6507, 4, 8] 
[167, 6515, 3, 12] 
[603, 6529, 1, 22] 
[482, 6552, 2, 17] 
[923, 6574, 9, 25] 
[838, 6581, 2, 35] 
[271, 6583, 7, 29] 
[258, 6585, 4, 32] 
[854, 6614, 1, 30] 
[85, 6617, 7, 20] 
[904, 6628, 7, 19] 
[880, 6662, 3, 28] 
[982, 6684, 4, 17] 
[245, 6693, 0, 25] 
[437, 6720, 5, 44] 
[392, 6721, 10, 20] 
[140, 6722, 7, 19] 
[621, 6729, 5, 32] 
[606, 6732, 0, 0] 
[364, 6743, 4, 16] 
[485, 6762, 2, 25] 
[725, 6769, 0, 48] 
[987, 6769, 7, 9] 
[411, 6773, 6, 21] 
[19, 6774, 3, 18] 
[495, 6777, 8, 31] 
[462, 6792, 6, 40] 
[508, 6798, 9, 3] 
[851, 6798, 2, 41] 
[706, 6805, 6, 10] 
[39, 6839, 9, 35] 
[521, 6852, 1, 22] 
[406, 6856, 2, 39] 
[678, 6861, 6, 28] 
[250, 6874, 1, 12] 
[656, 6878, 5, 7] 
[300, 6895, 4, 46] 
[892, 6897, 5, 21] 
[445, 6909, 4, 44] 
[773, 6938, 2, 16] 
[553, 6972, 8, 19] 
[728, 6982, 9, 4] 
[343, 6987, 6, 20] 
[664, 6989, 6, 18] 
[24, 7010, 10, 5] 
[368, 7015, 0, 28] 
[349, 7017, 3, 22] 
[974, 7036, 6, 36] 
[276, 7043, 10, 2] 
[433, 7054, 9, 10] 
[191, 7066, 9, 2] 
[247, 7076, 3, 29] 
[841, 7077, 8, 13] 
[766, 7084, 3, 23] 
[680, 7093, 0, 6] 
[134, 7107, 5, 18] 
[412, 7111, 7, 3] 
[299, 7136, 0, 41] 
[453, 7151, 5, 37] 
[859, 7184, 0, 30] 
[873, 7196, 2, 48] 
[920, 7196, 5, 8] 
[450, 7197, 6, 6] 
[318, 7203, 1, 39] 
[211, 7230, 1, 40] 
[200, 7236, 5, 44] 
[849, 7236, 2, 19] 
[38, 7244, 6, 41] 
[616, 7245, 4, 11] 
[115, 7254, 7, 32] 
[613, 7260, 3, 20] 
[789, 7265, 7, 4] 
[325, 7266, 1, 31] 
[78, 7280, 4, 25] 
[101, 7291, 3, 3] 
[566, 7296, 10, 27] 
[91, 7300, 8, 26] 
[151, 7308, 7, 11] 
[669, 7310, 1, 36] 
[943, 7315, 3, 10] 
[219, 7324, 0, 4] 
[116, 7330, 5, 10] 
[802, 7331, 4, 46] 
[619, 7344, 7, 6] 
[746, 7398, 7, 20] 
[952, 7414, 3, 7] 
[934, 7420, 7, 3] 
[761, 7445, 10, 12] 
[89, 7455, 2, 18] 
[981, 7460, 1, 2] 
[548, 7464, 2, 31] 
[657, 7475, 2, 46] 
[6, 7476, 7, 24] 
[484, 7485, 8, 49] 
[319, 7491, 6, 10] 
[461, 7492, 4, 17] 
[90, 7497, 9, 6] 
[41, 7502, 10, 37] 
[104, 7502, 3, 16] 
[651, 7502, 1, 4] 
[572, 7503, 10, 44] 
[182, 7520, 6, 25] 
[623, 7524, 5, 46] 
[767, 7533, 8, 3] 
[837, 7541, 2, 43] 
[488, 7557, 9, 45] 
[365, 7573, 4, 48] 
[855, 7596, 4, 45] 
[690, 7602, 9, 2] 
[292, 7609, 8, 13] 
[255, 7642, 0, 1] 
[351, 7649, 1, 45] 
[498, 7659, 2, 23] 
[473, 7675, 10, 19] 
[223, 7697, 9, 3] 
[786, 7717, 1, 38] 
[361, 7748, 2, 48] 
[197, 7760, 1, 16] 
[283, 7765, 7, 4] 
[971, 7773, 7, 11] 
[467, 7778, 4, 3] 
[609, 7814, 10, 47] 
[458, 7828, 5, 12] 
[99, 7834, 1, 3] 
[174, 7851, 4, 50] 
[386, 7859, 4, 21] 
[158, 7868, 3, 44] 
[171, 7868, 8, 7] 
[898, 7881, 10, 46] 
[29, 7882, 0, 23] 
[32, 7886, 0, 17] 
[279, 7886, 8, 42] 
[901, 7891, 8, 23] 
[400, 7918, 3, 2] 
[549, 7928, 3, 37] 
[829, 7929, 2, 12] 
[821, 7933, 8, 28] 
[955, 7952, 3, 4] 
[336, 7968, 8, 27] 
[147, 7993, 4, 49] 
[216, 7994, 1, 19] 
[391, 7995, 0, 6] 
[547, 8011, 0, 16] 
[800, 8019, 6, 22] 
[684, 8028, 6, 3] 
[137, 8033, 5, 44] 
[380, 8035, 5, 8] 
[138, 8041, 10, 37] 
[452, 8042, 4, 35] 
[278, 8045, 6, 49] 
[510, 8068, 1, 43] 
[320, 8080, 2, 11] 
[753, 8083, 0, 32] 
[11, 8084, 1, 22] 
[21, 8092, 2, 12] 
[809, 8135, 6, 3] 
[350, 8148, 6, 28] 
[527, 8150, 4, 4] 
[563, 8152, 6, 11] 
[466, 8177, 5, 38] 
[198, 8179, 2, 10] 
[826, 8183, 1, 25] 
[375, 8194, 10, 33] 
[670, 8195, 9, 37] 
[750, 8214, 7, 38] 
[608, 8218, 9, 31] 
[110, 8243, 9, 40] 
[514, 8243, 2, 47] 
[504, 8250, 7, 40] 
[354, 8252, 4, 16] 
[402, 8254, 10, 0] 
[410, 8265, 0, 41] 
[961, 8274, 4, 48] 
[404, 8323, 4, 48] 
[832, 8325, 4, 41] 
[262, 8358, 0, 50] 
[455, 8363, 10, 18] 
[682, 8374, 2, 3] 
[719, 8406, 3, 29] 
[799, 8406, 2, 15] 
[600, 8438, 6, 30] 
[709, 8466, 6, 15] 
[237, 8480, 10, 28] 
[246, 8480, 0, 37] 
[775, 8487, 4, 30] 
[879, 8501, 9, 40] 
[440, 8521, 9, 48] 
[446, 8527, 4, 37] 
[757, 8531, 5, 46] 
[529, 8533, 5, 42] 
[520, 8563, 7, 12] 
[845, 8565, 5, 36] 
[542, 8574, 7, 32] 
[787, 8582, 9, 11] 
[877, 8585, 9, 36] 
[587, 8586, 1, 3] 
[399, 8588, 1, 46] 
[98, 8593, 3, 3] 
[607, 8611, 7, 23] 
[186, 8614, 3, 28] 
[929, 8615, 0, 50] 
[69, 8616, 0, 48] 
[348, 8635, 4, 6] 
[228, 8670, 5, 15] 
[636, 8681, 9, 26] 
[475, 8689, 1, 46] 
[948, 8689, 9, 31] 
[479, 8694, 7, 16] 
[61, 8713, 2, 35] 
[506, 8714, 9, 8] 
[273, 8730, 5, 40] 
[413, 8731, 6, 0] 
[507, 8736, 0, 10] 
[662, 8743, 10, 39] 
[964, 8744, 1, 33] 
[26, 8745, 7, 4] 
[583, 8749, 4, 40] 
[227, 8776, 9, 30] 
[422, 8778, 4, 48] 
[234, 8788, 10, 37] 
[25, 8792, 3, 20] 
[431, 8836, 0, 20] 
[593, 8838, 7, 36] 
[238, 8846, 8, 45] 
[780, 8851, 1, 2] 
[764, 8854, 2, 26] 
[335, 8859, 2, 29] 
[610, 8894, 3, 23] 
[958, 8895, 6, 9] 
[592, 8904, 8, 46] 
[701, 8906, 1, 8] 
[772, 8920, 7, 44] 
[160, 8937, 0, 32] 
[825, 8937, 6, 37] 
[383, 8946, 5, 6] 
[127, 8958, 7, 7] 
[990, 8973, 3, 20] 
[805, 9013, 9, 50] 
[512, 9035, 9, 30] 
[667, 9038, 3, 10] 
[653, 9059, 4, 45] 
[266, 9061, 4, 36] 
[959, 9068, 8, 42] 
[88, 9114, 4, 0] 
[591, 9120, 6, 7] 
[114, 9125, 1, 9] 
[275, 9127, 2, 8] 
[967, 9128, 8, 45] 
[792, 9133, 8, 8] 
[816, 9135, 9, 12] 
[628, 9148, 3, 7] 
[833, 9156, 7, 50] 
[847, 9161, 7, 46] 
[632, 9162, 9, 20] 
[568, 9174, 5, 31] 
[454, 9181, 3, 31] 
[207, 9195, 0, 18] 
[846, 9200, 6, 4] 
[260, 9215, 5, 23] 
[817, 9226, 10, 23] 
[153, 9229, 10, 28] 
[687, 9233, 5, 24] 
[28, 9287, 4, 36] 
[425, 9306, 1, 48] 
[543, 9353, 4, 5] 
[794, 9357, 7, 39] 
[220, 9361, 3, 23] 
[77, 9369, 1, 33] 
[938, 9411, 1, 3] 
[502, 9437, 0, 36] 
[516, 9451, 7, 43] 
[106, 9466, 3, 50] 
[429, 9473, 4, 20] 
[435, 9479, 4, 6] 
[155, 9484, 2, 25] 
[296, 9485, 6, 19] 
[633, 9488, 3, 0] 
[0, 9492, 5, 1] 
[781, 9502, 7, 22] 
[705, 9515, 3, 17] 
[494, 9526, 2, 1] 
[129, 9530, 3, 9] 
[536, 9542, 0, 49] 
[552, 9543, 7, 46] 
[509, 9544, 10, 33] 
[630, 9593, 8, 0] 
[949, 9593, 5, 19] 
[192, 9601, 8, 38] 
[95, 9608, 5, 14] 
[924, 9609, 3, 5] 
[286, 9639, 5, 46] 
[297, 9652, 3, 8] 
[972, 9673, 2, 37] 
[371, 9695, 6, 3] 
[741, 9705, 10, 7] 
[624, 9709, 4, 0] 
[423, 9718, 9, 29] 
[604, 9721, 9, 7] 
[188, 9749, 9, 18] 
[975, 9768, 3, 15] 
[156, 9776, 9, 7] 
[968, 9776, 0, 38] 
[385, 9782, 6, 8] 
[478, 9786, 2, 13] 
[595, 9793, 8, 37] 
[2, 9798, 10, 4] 
[584, 9799, 4, 26] 
[569, 9824, 0, 22] 
[540, 9825, 2, 21] 
[807, 9832, 2, 29] 
[551, 9837, 8, 44] 
[120, 9858, 8, 38] 
[231, 9860, 1, 25] 
[978, 9860, 6, 19] 
[715, 9863, 8, 29] 
[45, 9871, 7, 37] 
[229, 9872, 1, 23] 
[615, 9873, 7, 3] 
[683, 9899, 6, 22] 
[314, 9915, 2, 8] 
[717, 9929, 0, 47] 
[372, 9937, 1, 37] 
[22, 9947, 1, 34] 
[836, 9987, 1, 8] 
[240, 9995, 3, 17] 